%YAML:1.0
---
calibration_time: "Tue 04 May 2021 16:23:56 IST"
nframes: 10
image_width: 640
image_height: 480
board_width: 7
board_height: 6
square_size: 1.
flags: 0
camera_matrix: !!opencv-matrix
   rows: 3
   cols: 3
   dt: d
   data: [ 5.9390043171753200e+02, 0., 3.2254975180337533e+02, 0.,
       6.6146450003466214e+02, 2.4363378293810644e+02, 0., 0., 1. ]
distortion_coefficients: !!opencv-matrix
   rows: 5
   cols: 1
   dt: d
   data: [ 7.2810747544305124e-02, 4.5683381354421010e-03,
       -3.7137330263388606e-02, -7.0521403414264957e-03, 0. ]
avg_reprojection_error: 4.8229040653085470e-01
per_view_reprojection_errors: !!opencv-matrix
   rows: 10
   cols: 1
   dt: f
   data: [ 6.43218815e-01, 5.02374470e-01, 6.13664567e-01,
       4.19334292e-01, 4.31881785e-01, 4.51367736e-01, 4.09636021e-01,
       4.16441232e-01, 4.42019850e-01, 4.25021350e-01 ]
extrinsic_parameters: !!opencv-matrix
   rows: 10
   cols: 6
   dt: d
   data: [ -9.7570960681161534e-01, -1.1207801281327058e-01,
       -6.4206381834267912e-02, -3.0500337718999084e+00,
       1.2283648283096802e+00, 1.5943290828755346e+01,
       -1.0505633408804496e+00, -6.5716064377021058e-02,
       3.6419573797228620e-02, -1.5175248814625799e+00,
       9.5598057500844247e-01, 1.7566247573853119e+01,
       -1.2197712592967087e+00, -5.8854949424544598e-02,
       -1.6047523026973134e-01, -4.8087897717107344e+00,
       2.5904567709887378e+00, 1.7351937393511502e+01,
       -1.2075537733059514e+00, -5.8511175939017786e-02,
       -1.6213927664913955e-01, -4.8395316921181095e+00,
       2.5310792324527798e+00, 1.7308489078597983e+01,
       -1.1423501234545106e+00, -5.8268302567884914e-02,
       -1.7004418144336997e-01, -5.0125921714085946e+00,
       1.3202689225722599e+00, 1.6810221216465425e+01,
       -1.1479806491205409e+00, -6.3169173779263080e-02,
       -1.6996193515040506e-01, -5.0519157541200101e+00,
       1.4218369332809278e+00, 1.6835554893377971e+01,
       -1.1474212285574230e+00, -9.6602748326730090e-02,
       -2.3604680393257174e-01, -6.4924289161604847e+00,
       7.5142719673598191e-01, 1.8513963314207619e+01,
       -1.1494932183150224e+00, -5.3471080523472124e-02,
       -1.6839794521953155e-01, -5.6789349914437635e+00,
       6.6258051473474522e-01, 1.8647806340934068e+01,
       -1.1495663179160089e+00, -2.0005245000315378e-02,
       -1.2543459139053278e-01, -5.4513466996712072e+00,
       6.8754133074158930e-01, 1.8537306042252983e+01,
       -1.1509824126057493e+00, -1.6099692354779947e-02,
       -1.2255999409485716e-01, -5.5631102572927924e+00,
       7.6565603527173653e-01, 1.8478248973384051e+01 ]
image_points: !!opencv-matrix
   rows: 10
   cols: 42
   dt: "2f"
   data: [ 2.08509521e+02, 2.94403259e+02, 2.46395248e+02,
       2.93560944e+02, 2.83412720e+02, 2.92749603e+02, 3.19662201e+02,
       2.92276062e+02, 3.55764801e+02, 2.91141174e+02, 3.91000549e+02,
       2.90045013e+02, 4.25717224e+02, 2.89542572e+02, 2.06533783e+02,
       3.21302002e+02, 2.46563141e+02, 3.20396240e+02, 2.85333221e+02,
       3.19516541e+02, 3.23459045e+02, 3.18679352e+02, 3.61183868e+02,
       3.17283569e+02, 3.98139221e+02, 3.15747040e+02, 4.34430573e+02,
       3.14688721e+02, 2.04460190e+02, 3.50513916e+02, 2.46630936e+02,
       3.49603790e+02, 2.87551666e+02, 3.48265656e+02, 3.27574799e+02,
       3.47554810e+02, 3.67296692e+02, 3.46432037e+02, 4.05928864e+02,
       3.44805176e+02, 4.44017120e+02, 3.43580383e+02, 2.02218414e+02,
       3.83866150e+02, 2.46812225e+02, 3.82361603e+02, 2.90067413e+02,
       3.80485504e+02, 3.32426147e+02, 3.79414154e+02, 3.74181122e+02,
       3.78020294e+02, 4.14827118e+02, 3.76488739e+02, 4.54962830e+02,
       3.74772827e+02, 1.99558502e+02, 4.20237915e+02, 2.47074310e+02,
       4.18109619e+02, 2.92822876e+02, 4.16249542e+02, 3.37734009e+02,
       4.14538544e+02, 3.81809814e+02, 4.12555664e+02, 4.24887970e+02,
       4.10823059e+02, 4.67246674e+02, 4.08898956e+02, 1.96731018e+02,
       4.61251648e+02, 2.47369202e+02, 4.58741699e+02, 2.96200226e+02,
       4.56507446e+02, 3.44003601e+02, 4.54095062e+02, 3.90803955e+02,
       4.51957550e+02, 4.36212189e+02, 4.49912537e+02, 4.81024902e+02,
       4.47709900e+02, 2.71418365e+02, 2.79530243e+02, 3.05292206e+02,
       2.81486481e+02, 3.38745728e+02, 2.83500275e+02, 3.71823212e+02,
       2.85684082e+02, 4.05245697e+02, 2.87277771e+02, 4.38117249e+02,
       2.88778351e+02, 4.70705688e+02, 2.91083160e+02, 2.68725952e+02,
       3.00637878e+02, 3.04363342e+02, 3.02904572e+02, 3.39480194e+02,
       3.05041168e+02, 3.74327698e+02, 3.07292603e+02, 4.09160858e+02,
       3.08855286e+02, 4.43680969e+02, 3.10359497e+02, 4.77971039e+02,
       3.12357330e+02, 2.65828430e+02, 3.23645599e+02, 3.03437714e+02,
       3.26325439e+02, 3.40339600e+02, 3.28127167e+02, 3.76906952e+02,
       3.30837555e+02, 4.13566040e+02, 3.32990295e+02, 4.49774506e+02,
       3.34769318e+02, 4.85846771e+02, 3.36724304e+02, 2.62535400e+02,
       3.50310883e+02, 3.02334778e+02, 3.52571472e+02, 3.41307953e+02,
       3.54557892e+02, 3.79921082e+02, 3.57072113e+02, 4.18588806e+02,
       3.59330536e+02, 4.56756714e+02, 3.61416016e+02, 4.94901703e+02,
       3.63397278e+02, 2.58858154e+02, 3.79136505e+02, 3.01017822e+02,
       3.81343292e+02, 3.42358826e+02, 3.83577789e+02, 3.83351959e+02,
       3.85833313e+02, 4.24358246e+02, 3.87747223e+02, 4.64717957e+02,
       3.89930939e+02, 5.05254669e+02, 3.91483276e+02, 2.54684280e+02,
       4.11730164e+02, 2.99479431e+02, 4.14411713e+02, 3.43474152e+02,
       4.16719818e+02, 3.87301025e+02, 4.18518066e+02, 4.30968811e+02,
       4.19697296e+02, 4.74225128e+02, 4.21471588e+02, 5.17239075e+02,
       4.22790375e+02, 1.57901474e+02, 3.39108002e+02, 1.93126404e+02,
       3.36332825e+02, 2.27549438e+02, 3.31720978e+02, 2.60835602e+02,
       3.28564850e+02, 2.94073364e+02, 3.23941620e+02, 3.26202698e+02,
       3.19714172e+02, 3.58270599e+02, 3.16878387e+02, 1.54114502e+02,
       3.58969330e+02, 1.91362564e+02, 3.54655792e+02, 2.27614960e+02,
       3.50453796e+02, 2.63204987e+02, 3.46581543e+02, 2.98156982e+02,
       3.42238708e+02, 3.31977600e+02, 3.37547241e+02, 3.65691895e+02,
       3.33743561e+02, 1.49773193e+02, 3.79510193e+02, 1.89465332e+02,
       3.75317505e+02, 2.27609131e+02, 3.69975830e+02, 2.65406738e+02,
       3.65843964e+02, 3.02239594e+02, 3.61647858e+02, 3.38344421e+02,
       3.57026611e+02, 3.73463837e+02, 3.52733429e+02, 1.45137222e+02,
       4.02764893e+02, 1.87201355e+02, 3.97994843e+02, 2.27895584e+02,
       3.92671143e+02, 2.67855591e+02, 3.87830414e+02, 3.07149353e+02,
       3.82969482e+02, 3.44981049e+02, 3.77885590e+02, 3.82672333e+02,
       3.73209442e+02, 1.39733017e+02, 4.28834198e+02, 1.84657303e+02,
       4.23341614e+02, 2.28112061e+02, 4.17564423e+02, 2.70717407e+02,
       4.11853241e+02, 3.12295715e+02, 4.05867981e+02, 3.53053772e+02,
       4.00407410e+02, 3.92269958e+02, 3.94622223e+02, 1.33914383e+02,
       4.58696320e+02, 1.81889816e+02, 4.52666992e+02, 2.28536240e+02,
       4.46619263e+02, 2.73909027e+02, 4.39961548e+02, 3.18569336e+02,
       4.32804626e+02, 3.61440796e+02, 4.26070282e+02, 4.04885651e+02,
       4.19342773e+02, 1.56271439e+02, 3.37954742e+02, 1.91644562e+02,
       3.33926392e+02, 2.26171829e+02, 3.30040466e+02, 2.59761627e+02,
       3.26460541e+02, 2.93014496e+02, 3.22300171e+02, 3.25547668e+02,
       3.18189880e+02, 3.57502289e+02, 3.14639160e+02, 1.52510681e+02,
       3.57025665e+02, 1.89947952e+02, 3.52693298e+02, 2.26326370e+02,
       3.48360321e+02, 2.61789703e+02, 3.44385620e+02, 2.96885681e+02,
       3.39920563e+02, 3.30939636e+02, 3.35341095e+02, 3.64667023e+02,
       3.31224792e+02, 1.48327209e+02, 3.78200378e+02, 1.88063873e+02,
       3.73743225e+02, 2.26462509e+02, 3.68487488e+02, 2.64134491e+02,
       3.64241943e+02, 3.01068665e+02, 3.59667816e+02, 3.37237671e+02,
       3.55088440e+02, 3.72594330e+02, 3.50741180e+02, 1.43635162e+02,
